3
1 2000 3000 13
北校区
12
1 6 100 100 700 500
丹枫园
包含A-E栋，学生公寓
2 6 900 100 900 400
劲松园
包含A-D栋，学生公寓
3 4 1050 550 550 250
篮球场
地皮全烂了
4 5 150 850 1600 600
北湖
风景优美，有羊驼和孔雀出没
5 6 100 1550 400 450
静园C,D栋
北区老旧宿舍
6 8 600 1600 400 300
校医院
为师生提供日常医疗服务
7 7 100 2050 400 350
学生服务中心
综合，超市等生活服务
8 2 600 2300 450 450
北食堂/清真食堂
静园东侧的主要餐饮中心
9 1 1150 1600 800 400
综合教学楼
综合教学大楼A座B座
10 9 1250 2100 500 300
行政楼
学校行政办公枢纽（没去过）
11 3 1100 2450 800 500
徐特立图书馆
学校标志性建筑，藏书丰富
12 6 100 2450 400 450
静园A,B栋
北区老旧宿舍
2 2000 3000 7
东校区
6
1 6 100 100 600 600
甘棠园
包含A-D栋，学生宿舍
2 2 100 800 500 500
东食堂
好吃，但人多
3 6 800 100 900 700
勤园
新宿舍？
4 1 150 1500 800 1200
文萃楼
楼群，容易迷路，这时便需要文萃导航
5 1 1100 1000 600 600
文博中心
位于东校区中部的文化展示中心
6 4 1100 1800 700 600
体育馆
室内体育场馆（需要预约）
3 2000 3000 10
南校区
9
1 6 100 250 400 1400
疏桐园
包含A-E栋，学生宿舍
2 4 600 250 550 1400
操场
就是操场
3 4 650 1700 450 500
篮球场/排球场
位于操场南侧的室外球场群
4 1 1350 250 550 400
理科教学大楼
上课
5 1 1350 750 550 800
理学楼及实验中心
含理学楼及物理、化学实验中心
6 1 1350 1650 550 800
工业生态楼
好像是生物学院？（没去过）
7 2 100 1750 450 400
南食堂
好吃，人不多
8 6 100 2250 450 600
至善园
特里✌宿舍
9 6 650 2250 550 600
博雅园
学生宿舍