3
1 2000 3000 13
北校区
12
1 6 100 100 700 500
丹枫园
包含A-E栋，北区主要学生公寓
2 6 900 100 900 400
劲松园
包含A-D栋，位于北区东北角
3 4 1050 550 550 250
篮球场
劲松园南侧的室外篮球场地
4 5 150 850 1600 600
北湖
风景优美，常有锦鲤和黑天鹅出没
5 6 100 1550 400 450
静园C,D栋
北区学生宿舍北段
6 8 600 1600 400 300
校医院
为师生提供日常医疗服务
7 7 100 2050 400 350
学生服务中心
综合快递、超市等生活服务
8 2 600 2300 450 450
北食堂/清真食堂
静园东侧的主要餐饮中心
9 1 1150 1600 800 400
综教
综合教学大楼A座B座
10 9 1250 2100 500 300
行政楼
学校行政办公枢纽
11 3 1100 2450 800 500
徐特立图书馆
学校标志性建筑，藏书丰富
12 6 100 2450 400 450
静园A,B栋
北区学生宿舍南段
2 2000 3000 7
东校区
6
1 6 100 100 600 600
甘棠园
包含A-D栋，东校区西北角宿舍
2 2 100 800 500 500
东食堂
甘棠园南侧的餐饮中心
3 6 800 100 900 700
勤园
包含A-E栋，东区大型宿舍群
4 1 150 1500 800 1200
文萃(文科组团)
含报告厅及文一至文四等多栋楼
5 1 1100 1000 600 600
文博中心
位于东校区中部的文化展示中心
6 4 1100 1800 700 600
文体中心
东校区东南角的室内体育场馆
3 2000 3000 10
南校区
9
1 6 100 250 400 1400
疏桐园
包含A-E栋，南校区西侧狭长宿舍区
2 4 600 250 550 1400
操场
标准化田径场与足球场
3 4 650 1700 450 500
篮球场/排球场
位于操场南侧的室外球场群
4 1 1350 250 550 400
理教
理科教学大楼
5 1 1350 750 550 800
理学楼及实验中心
含理学楼A-C及物理、化学实验中心
6 1 1350 1650 550 800
工业生态楼
包含生态楼A及相关研究院
7 2 100 1750 450 400
南食堂
靠近南区宿舍的餐饮中心
8 6 100 2250 450 600
至善园
包含A-B栋，南校区西南角宿舍
9 6 650 2250 550 600
博雅园
南食堂东南侧的学生公寓
